BSPLINE # Curve type (BSPLINE or CATMULL_ROM)
13 # The number of cross sections.
4 # The number of control points per cross section

1 1
-1 1
-1 -1
1 -1
0.15
0.0 1 0 0
0 0 0

1 1
-1 1
-1 -1
1 -1
0.15
0.0 1 0 0
0 -0.15 0

1 1
-1 1
-1 -1
1 -1
0.2
0.0 1 0 0
0 -0.25 0

1 1
-1 1
-1 -1
1 -1
0.3
0.0 1 0 0
0 -0.4 0

1 1
-1 1
-1 -1
1 -1
0.4
0.0 1 0 0
0 -0.4 0

1 1
-1 1
-1 -1
1 -1
0.5
0.0 1 0 0
0 -0.2 0

1 1
-1 1
-1 -1
1 -1
0.45
0.0 1 0 0
0 0 0

1 1
-1 1
-1 -1
1 -1
0.3
0.0 1 0 0
0 0.25 0

1 1
-1 1
-1 -1
1 -1
0.15
0.0 1 0 0
0 0.75 0

1 1
-1 1
-1 -1
1 -1
0.1
1.57 1 0 0
0 1 0.5

1 1
-1 1
-1 -1
1 -1
0.1
3.14 1 0 0
0 0.75 0.5

1 1
-1 1
-1 -1
1 -1
0.1
4.71 1 0 0
0 0.5 0

1 1
-1 1
-1 -1
1 -1
0.15
6.28 1 0 0
0 0 0